
taps       [-2.723665325067000e-02, -2.922779653869000e-01, 6.237642229101070e-01, -1.702005654973000e-03, 5.501915
279735000e-02]
gain       3.172131368408972e-01
fir_v      [-1.559825427916959e-02, -6.294080226436066e-02, 1.787573379055445e-01, -1.570723278202031e-02, 2.232719
797760359e-02, -2.315962303460309e-03, 2.564033178731727e-03]
fir_norm   [-6.784970773151124e-02, -2.737816015556750e-01, 7.775634961888751e-01, -6.832374536643514e-02, 9.711944
876209835e-02, -1.007403537566546e-02, 1.115310076866544e-02]
drive_rms  3.694443301134068e-01


